I
5
01 00 00 00 00 00 50 00 00
I
500
01 00 00 00 00 00 50 02 00
I
500
01 00 00 00 00 00 50 02 00
I
500.0
01 00 00 00 00 00 50 02 00
I
500.00
01 00 00 00 00 00 50 02 00
I
5e00003
01 00 00 00 00 00 50 03 00
I
500e0
01 00 00 00 00 00 50 02 00
I
500e2
01 00 00 00 00 00 50 04 00
I
500e997
01 00 00 00 00 00 50 99 09
I
500e998
04
I
-5
01 00 00 00 00 00 50 00 80
I
-500
01 00 00 00 00 00 50 02 80
I
-500e997
01 00 00 00 00 00 50 99 89
I
0.05
01 00 00 00 00 00 50 02 40
I
0.05e2
01 00 00 00 00 00 50 00 00
I
0.05e1
01 00 00 00 00 00 50 01 40
I
0.05e3
01 00 00 00 00 00 50 01 00
I
0.05e-2
01 00 00 00 00 00 50 04 40
I
5e-0
01 00 00 00 00 00 50 00 00
I
5e-2
01 00 00 00 00 00 50 02 40
I
0.05e-997
01 00 00 00 00 00 50 99 49
I
0.05e-998
04
I
0.05e101
01 00 00 00 00 00 50 99 00
I
0.05e99
01 00 00 00 00 00 50 97 00
I
500e99
01 00 00 00 00 00 50 01 01
I
500e97
01 00 00 00 00 00 50 99 00
I
500e98
01 00 00 00 00 00 50 00 01
I
0.05e102
01 00 00 00 00 00 50 00 01
I
1.23456789012
01 12 90 78 56 34 12 00 00
I
12345.6789012
01 12 90 78 56 34 12 04 00
I
1.23456789012e10
01 12 90 78 56 34 12 10 00
I
e
04
I
.
04
I
.e
04
I
1.5.
04
I
.5
01 00 00 00 00 00 50 01 40
I
0
01 00 00 00 00 00 00 00 00
I
00
01 00 00 00 00 00 00 00 00
I
00.0
01 00 00 00 00 00 00 00 00
I
1e2e
04
I
1e2e3
04
I
.5.
04
I
1234567890123
01 12 90 78 56 34 12 12 00
I
5e9999
04
I
0.000123456789012
01 12 90 78 56 34 12 04 40
I
-5-
04
I
-5-e
04
I
5e
01 00 00 00 00 00 50 00 00
I
0e500
01 00 00 00 00 00 00 00 00
I
0e-500
01 00 00 00 00 00 00 00 00
I
0.00000123456789012
01 12 90 78 56 34 12 06 40
I
0.000000123456789012
01 12 90 78 56 34 12 07 40
I
5e
01 00 00 00 00 00 50 00 00
I
e500
04
I
0.08
01 00 00 00 00 00 80 02 40
I
.08
01 00 00 00 00 00 80 02 40
I
0500
01 00 00 00 00 00 50 02 00
I
1234567890123456789
01 12 90 78 56 34 12 18 00
I
1234567890124999999
01 12 90 78 56 34 12 18 00
I
1234567890125000000
01 13 90 78 56 34 12 18 00
I
1234567890129999999
01 13 90 78 56 34 12 18 00
I
9999999999999999999
01 00 00 00 00 00 10 19 00
I
9999999999999999999e500
01 00 00 00 00 00 10 19 05
I
9999999999999999999e999
04
A
100000000000
-0.04
100000000000
A
100000000000
-0.06
99999999999.9
A
100000000000
-0.05
100000000000
A
100000000001
-0.05
100000000001
A
123456789012
-0.4
123456789012
A
123456789012
-0.6
123456789011
A
500000000002
500000000002
1e12
A
500000000003
500000000003
1.00000000001e12
A
999999999999
999999999999
2e12
A
600000000001
600000000001
1.2e12
A
600000000006
600000000006
1.20000000001e12
A
600000000009
600000000009
1.20000000002e12
A
456000000005
789000000005
1.24500000001e12
A
999999999999
0.9
1e12
A
999999999999
1
1e12
A
999999999999
1.4
1e12
A
999999999999
1.6
1e12
A
456.000000005
789.000000004
1245.00000001
A
100000000000
0.5
100000000000
A
100000000001
0.5
100000000002
A
123
45
168
A
45
-123
-78
A
-45
123
78
A
-45
-123
-168
A
999999999999
1
1e12
A
999999999999
10
1.00000000001e12
A
999999999999
100
1.0000000001e12
A
999999999999
1000
1.000000001e12
A
999999999999
10000
1.00000001e12
A
999999999999
100000
1.0000001e12
A
999999999999
1000000
1.000001e12
A
999999999999
10000000
1.00001e12
A
999999999999
100000000
1.0001e12
A
999999999999
1000000000
1.001e12
A
999999999999
10000000000
1.01e12
A
5000
-0.0005
4999.9995
A
-5000
0.0005
-4999.9995
A
100000000000
-0.09
99999999999.9
A
100000000001
-0.09
100000000001
A
9.99999999999e999
1e999
9.99999999999e999
A
9.99999999999e999
1e999
9.99999999999e999
A
5e999
5e999
9.99999999999e999
A
9.99999999999e999
0.00000000001e999
9.99999999999e999
A
9.99999999999e999
0.00000000009e998
9.99999999999e999
A
9.99999999999e999
9.99999999999e999
9.99999999999e999
A
5
-5
0
A
-5
5
0
A



A
27
-20
7
A
227
-220
7
A
2227
-2220
7
A
22227
-22220
7
A
222227
-222220
7
A
2222227
-2222220
7
A
22222227
-22222220
7
A
222222227
-222222220
7
A
2222222227
-2222222220
7
A
22222222227
-22222222220
7
A
222222222227
-222222222220
7
A
222222222227
-222222222227
0
A
-27
20
-7
A
-227
220
-7
A
-2227
2220
-7
A
-22227
22220
-7
A
-222227
222220
-7
A
-2222227
2222220
-7
A
-22222227
22222220
-7
A
-222222227
222222220
-7
A
-2222222227
2222222220
-7
A
-22222222227
22222222220
-7
A
-222222222227
222222222220
-7
A
-222222222227
222222222227
0
A
999999999999
900000000000
1.9e12
A
999999999999
90000000000
1.09e12
A
999999999999
9000000000
1.009e12
A
999999999999
900000000
1.0009e12
A
999999999999
90000000
1.00009e12
A
999999999999
9000000
1.000009e12
A
999999999999
900000
1.0000009e12
A
999999999999
90000
1.00000009e12
A
999999999999
9000
1.000000009e12
A
999999999999
900
1.0000000009e12
A
999999999999
90
1.00000000009e12
A
999999999999
9
1.00000000001e12
A
999999999999
0.9
1e12
A
999999999998
900000000000
1.9e12
A
999999999998
90000000000
1.09e12
A
999999999998
9000000000
1.009e12
A
999999999998
900000000
1.0009e12
A
999999999998
90000000
1.00009e12
A
999999999998
9000000
1.000009e12
A
999999999998
900000
1.0000009e12
A
999999999998
90000
1.00000009e12
A
999999999998
9000
1.000000009e12
A
999999999998
900
1.0000000009e12
A
999999999998
90
1.00000000009e12
A
999999999998
9
1.00000000001e12
A
999999999998
0.9
999999999999
A
999999999999
0.09
999999999999
A
999999999998
0.09
999999999998
A
12345
0
12345
A
12345
-0
12345
A
-12345
0
-12345
A
-12345
-0
-12345
A
111111111111
-900000000000
-788888888889
A
111111111111
-90000000000
21111111111
A
111111111111
-9000000000
102111111111
A
111111111111
-900000000
110211111111
A
111111111111
-90000000
111021111111
A
111111111111
-9000000
111102111111
A
111111111111
-900000
111110211111
A
111111111111
-90000
111111021111
A
111111111111
-9000
111111102111
A
111111111111
-900
111111110211
A
111111111111
-90
111111111021
A
111111111111
-9
111111111102
A
111111111111
-0.9
111111111110
A
111111111111
-0.09
111111111111
A
5e5
5e5
1e6
A
5e5
-5e5
0
A
-5e5
5e5
0
A
-5e5
-5e5
-1e6
A
5e5
5e-5
500000.00005
A
5e5
-5e-5
499999.99995
A
-5e5
5e-5
-499999.99995
A
-5e5
-5e-5
-500000.00005
A
5e-5
5e5
500000.00005
A
5e-5
-5e5
-499999.99995
A
-5e-5
5e5
499999.99995
A
-5e-5
-5e5
-500000.00005
A
5e-5
5e-5
1e-4
A
5e-5
-5e-5
0
A
-5e-5
5e-5
0
A
-5e-5
-5e-5
-1e-4
A
234567892345e-100
-234567892345e-101
2.1111110311e-89
A
234567892345e-100
-234567892345e-102
2.32222213422e-89
A
234567892345e-100
-234567892345e-103
2.34333324453e-89
A
234567892345e-100
-234567892345e-104
2.34544435556e-89
A
234567892345e-100
-234567892345e-105
2.34565546666e-89
A
234567892345e-100
-234567892345e-106
2.34567657777e-89
A
234567892345e-100
-234567892345e-107
2.34567868888e-89
A
234567892345e-100
-234567892345e-108
2.34567889999e-89
A
234567892345e-100
-234567892345e-109
2.3456789211e-89
A
234567892345e-100
-234567892345e-110
2.34567892322e-89
A
234567892345e-100
-234567892345e-111
2.34567892343e-89
A
234567892345e-100
-234567892345e-112
2.34567892345e-89
A
234567892345e-100
-234567892345e-113
2.34567892345e-89
A
234567892345e-100
-234567892345e-114
2.34567892345e-89
A
234567892345e-100
-234567892345e-115
2.34567892345e-89
Z